[(4, 0),
 (4, 1),
 (4, 2),
 (4, 3),
 (4, 4),
 (4, 5),
 (4, 6),
 (4, 7),
 (16, 0),
 (16, 1),
 (16, 2),
 (16, 3),
 (16, 4),
 (16, 5),
 (16, 6),
 (16, 7),
 (16, 8),
 (16, 9),
 (16, 10),
 (16, 11),
 (16, 12),
 (16, 13),
 (16, 14),
 (16, 15),
 (30, 0),
 (30, 1),
 (30, 2),
 (30, 3),
 (30, 4),
 (30, 5),
 (30, 6),
 (30, 7),
 (30, 8),
 (30, 9),
 (30, 10),
 (30, 11),
 (30, 12),
 (30, 13),
 (30, 14),
 (30, 15),
 (30, 16),
 (30, 17),
 (30, 18),
 (30, 19),
 (30, 20),
 (36, 0),
 (36, 1),
 (36, 2),
 (36, 3),
 (36, 4),
 (36, 5),
 (36, 6),
 (36, 7),
 (36, 8),
 (36, 9),
 (36, 10),
 (36, 11),
 (36, 12),
 (36, 13),
 (36, 14),
 (36, 15),
 (36, 16),
 (36, 17),
 (36, 18),
 (36, 19),
 (36, 20),
 (36, 21),
 (36, 22),
 (52, 0),
 (52, 1),
 (52, 2),
 (52, 3),
 (52, 4),
 (52, 5),
 (52, 6),
 (52, 7),
 (52, 8),
 (52, 9),
 (52, 10),
 (52, 11),
 (52, 12),
 (52, 13),
 (52, 14),
 (52, 15),
 (52, 16),
 (52, 17),
 (52, 18),
 (52, 19),
 (52, 20),
 (52, 21),
 (52, 22),
 (52, 23),
 (52, 24),
 (52, 25),
 (52, 26),
 (52, 27),
 (60, 0),
 (60, 1),
 (60, 2),
 (60, 3),
 (60, 4),
 (60, 5),
 (60, 6),
 (60, 7),
 (60, 8),
 (60, 9),
 (60, 10),
 (60, 11),
 (60, 12),
 (60, 13),
 (60, 14),
 (60, 15),
 (60, 16),
 (60, 17),
 (60, 18),
 (60, 19),
 (60, 20),
 (60, 21),
 (60, 22),
 (60, 23),
 (60, 24),
 (60, 25),
 (60, 26),
 (60, 27),
 (60, 28),
 (60, 29),
 (64, 0),
 (64, 1),
 (64, 2),
 (64, 3),
 (64, 4),
 (64, 5),
 (64, 6),
 (64, 7),
 (64, 8),
 (64, 9),
 (64, 10),
 (64, 11),
 (64, 12),
 (64, 13),
 (64, 14),
 (64, 15),
 (64, 16),
 (64, 17),
 (64, 18),
 (64, 19),
 (64, 20),
 (64, 21),
 (64, 22),
 (64, 23),
 (64, 24),
 (64, 25),
 (64, 26),
 (64, 27),
 (64, 28),
 (64, 29),
 (64, 30),
 (70, 0),
 (70, 1),
 (70, 2),
 (70, 3),
 (70, 4),
 (70, 5),
 (70, 6),
 (70, 7),
 (70, 8),
 (70, 9),
 (70, 10),
 (70, 11),
 (70, 12),
 (70, 13),
 (70, 14),
 (70, 15),
 (70, 16),
 (70, 17),
 (70, 18),
 (70, 19),
 (70, 20),
 (70, 21),
 (70, 22),
 (70, 23),
 (70, 24),
 (70, 25),
 (70, 26),
 (70, 27),
 (70, 28),
 (70, 29),
 (70, 30),
 (70, 31),
 (70, 32),
 (72, 0),
 (72, 1),
 (72, 2),
 (72, 3),
 (72, 4),
 (72, 5),
 (72, 6),
 (72, 7),
 (72, 8),
 (72, 9),
 (72, 10),
 (72, 11),
 (72, 12),
 (72, 13),
 (72, 14),
 (72, 15),
 (72, 16),
 (72, 17),
 (72, 18),
 (72, 19),
 (72, 20),
 (72, 21),
 (72, 22),
 (72, 23),
 (72, 24),
 (72, 25),
 (72, 26),
 (72, 27),
 (72, 28),
 (72, 29),
 (72, 30),
 (72, 31),
 (72, 32),
 (76, 0),
 (76, 1),
 (76, 2),
 (76, 3),
 (76, 4),
 (76, 5),
 (76, 6),
 (76, 7),
 (76, 8),
 (76, 9),
 (76, 10),
 (76, 11),
 (76, 12),
 (76, 13),
 (76, 14),
 (76, 15),
 (76, 16),
 (76, 17),
 (76, 18),
 (76, 19),
 (76, 20),
 (76, 21),
 (76, 22),
 (76, 23),
 (76, 24),
 (76, 25),
 (76, 26),
 (76, 27),
 (76, 28),
 (76, 29),
 (76, 30),
 (76, 31),
 (76, 32),
 (76, 33),
 (94, 0),
 (94, 1),
 (94, 2),
 (94, 3),
 (94, 4),
 (94, 5),
 (94, 6),
 (94, 7),
 (94, 8),
 (94, 9),
 (94, 10),
 (94, 11),
 (94, 12),
 (94, 13),
 (94, 14),
 (94, 15),
 (94, 16),
 (94, 17),
 (94, 18),
 (94, 19),
 (94, 20),
 (94, 21),
 (94, 22),
 (94, 23),
 (94, 24),
 (94, 25),
 (94, 26),
 (94, 27),
 (94, 28),
 (94, 29),
 (94, 30),
 (94, 31),
 (94, 32),
 (94, 33),
 (94, 34),
 (94, 35),
 (94, 36),
 (94, 37),
 (2, 0),
 (2, 1),
 (2, 2),
 (2, 3),
 (2, 4),
 (2, 5),
 (15, 0),
 (15, 1),
 (15, 2),
 (15, 3),
 (15, 4),
 (15, 5),
 (15, 6),
 (15, 7),
 (15, 8),
 (15, 9),
 (15, 10),
 (15, 11),
 (15, 12),
 (15, 13),
 (15, 14),
 (26, 0),
 (26, 1),
 (26, 2),
 (26, 3),
 (26, 4),
 (26, 5),
 (26, 6),
 (26, 7),
 (26, 8),
 (26, 9),
 (26, 10),
 (26, 11),
 (26, 12),
 (26, 13),
 (26, 14),
 (26, 15),
 (26, 16),
 (26, 17),
 (26, 18),
 (26, 19),
 (35, 0),
 (35, 1),
 (35, 2),
 (35, 3),
 (35, 4),
 (35, 5),
 (35, 6),
 (35, 7),
 (35, 8),
 (35, 9),
 (35, 10),
 (35, 11),
 (35, 12),
 (35, 13),
 (35, 14),
 (35, 15),
 (35, 16),
 (35, 17),
 (35, 18),
 (35, 19),
 (35, 20),
 (35, 21),
 (35, 22),
 (42, 0),
 (42, 1),
 (42, 2),
 (42, 3),
 (42, 4),
 (42, 5),
 (42, 6),
 (42, 7),
 (42, 8),
 (42, 9),
 (42, 10),
 (42, 11),
 (42, 12),
 (42, 13),
 (42, 14),
 (42, 15),
 (42, 16),
 (42, 17),
 (42, 18),
 (42, 19),
 (42, 20),
 (42, 21),
 (42, 22),
 (42, 23),
 (42, 24),
 (47, 0),
 (47, 1),
 (47, 2),
 (47, 3),
 (47, 4),
 (47, 5),
 (47, 6),
 (47, 7),
 (47, 8),
 (47, 9),
 (47, 10),
 (47, 11),
 (47, 12),
 (47, 13),
 (47, 14),
 (47, 15),
 (47, 16),
 (47, 17),
 (47, 18),
 (47, 19),
 (47, 20),
 (47, 21),
 (47, 22),
 (47, 23),
 (47, 24),
 (47, 25),
 (47, 26),
 (50, 0),
 (50, 1),
 (50, 2),
 (50, 3),
 (50, 4),
 (50, 5),
 (50, 6),
 (50, 7),
 (50, 8),
 (50, 9),
 (50, 10),
 (50, 11),
 (50, 12),
 (50, 13),
 (50, 14),
 (50, 15),
 (50, 16),
 (50, 17),
 (50, 18),
 (50, 19),
 (50, 20),
 (50, 21),
 (50, 22),
 (50, 23),
 (50, 24),
 (50, 25),
 (50, 26),
 (50, 27),
 (51, 0),
 (51, 1),
 (51, 2),
 (51, 3),
 (51, 4),
 (51, 5),
 (51, 6),
 (51, 7),
 (51, 8),
 (51, 9),
 (51, 10),
 (51, 11),
 (51, 12),
 (51, 13),
 (51, 14),
 (51, 15),
 (51, 16),
 (51, 17),
 (51, 18),
 (51, 19),
 (51, 20),
 (51, 21),
 (51, 22),
 (51, 23),
 (51, 24),
 (51, 25),
 (51, 26),
 (51, 27),
 (101, 22),
 (98, 27),
 (98, 10),
 (93, 32),
 (93, 15),
 (86, 20),
 (86, 3),
 (77, 25),
 (77, 8),
 (66, 30),
 (66, 13),
 (53, 18),
 (53, 1),
 (38, 23),
 (38, 6),
 (21, 11),
 (2, 1),
 (89, 28),
 (89, 11),
 (87, 33),
 (87, 16),
 (87, 1),
 (83, 21),
 (83, 4),
 (83, 13),
 (83, 30),
 (77, 26),
 (77, 9),
 (77, 8),
 (77, 25),
 (69, 31),
 (69, 14),
 (69, 3),
 (69, 20),
 (59, 19),
 (59, 2),
 (59, 15),
 (47, 24),
 (47, 7),
 (47, 10),
 (33, 12),
 (33, 5),
 (17, 0),
 (152, 46),
 (149, 41),
 (144, 36),
 (137, 31),
 (128, 26),
 (117, 21),
 (89, 11),
 (72, 6),
 (53, 1),
 (32, 4),
 (9, 9)]
